Location,AgeGrp,PopMale,PopFemale,PopTotal
Afghanistan,0-19,10709,10197,20906
Afghanistan,20-39,5994,5574,11568
Afghanistan,40-59,2485,2316,4801
Afghanistan,60+,781,858,1639
Africa,0-19,344109,334982,679091
Africa,20-39,197448,197144,394592
Africa,40-59,94547,98460,193007
Africa,60+,33767,40123,73890
African Group,0-19,343795,334677,678472
African Group,20-39,197193,196889,394082
African Group,40-59,94334,98248,192582
African Group,60+,33661,40007,73668
African Union,0-19,343901,334782,678683
African Union,20-39,197306,196990,394296
African Union,40-59,94407,98310,192717
African Union,60+,33684,40025,73709
African Union: Central Africa,0-19,44287,43635,87922
African Union: Central Africa,20-39,22146,22062,44208
African Union: Central Africa,40-59,9556,9811,19367
African Union: Central Africa,60+,3260,3842,7102
African Union: Eastern Africa,0-19,103618,101543,205161
African Union: Eastern Africa,20-39,58238,58726,116964
African Union: Eastern Africa,40-59,25280,26354,51634
African Union: Eastern Africa,60+,8516,10268,18784
African Union: Northern Africa,0-19,41744,39579,81323
African Union: Northern Africa,20-39,32603,31962,64565
African Union: Northern Africa,40-59,20564,21094,41658
African Union: Northern Africa,60+,9229,10234,19463
African Union: Southern Africa,0-19,45345,44886,90231
African Union: Southern Africa,20-39,27741,28515,56256
African Union: Southern Africa,40-59,12970,14263,27233
African Union: Southern Africa,60+,4225,6036,10261
African Union: Western Africa,0-19,108899,105129,214028
African Union: Western Africa,20-39,56572,55718,112290
African Union: Western Africa,40-59,26028,26781,52809
African Union: Western Africa,60+,8434,9627,18061
"African, Caribbean and Pacific (ACP) Group of States",0-19,310288,302926,613214
"African, Caribbean and Pacific (ACP) Group of States",20-39,172031,172215,344246
"African, Caribbean and Pacific (ACP) Group of States",40-59,79211,82761,161972
"African, Caribbean and Pacific (ACP) Group of States",60+,27235,32993,60228
Albania,0-19,365,326,691
Albania,20-39,458,402,860
Albania,40-59,341,364,705
Albania,60+,290,312,602
Algeria,0-19,8373,8033,16406
Algeria,20-39,7002,6843,13845
Algeria,40-59,4618,4627,9245
Algeria,60+,2151,2185,4336
Andean Community,0-19,18849,18317,37166
Andean Community,20-39,18308,18260,36568
Andean Community,40-59,12428,13024,25452
Andean Community,60+,6450,7513,13963
Angola,0-19,9408,9368,18776
Angola,20-39,4423,4580,9003
Angola,40-59,1873,1999,3872
Angola,60+,548,647,1195
Antigua and Barbuda,0-19,12,12,24
Antigua and Barbuda,20-39,12,12,24
Antigua and Barbuda,40-59,11,12,23
Antigua and Barbuda,60+,4,4,8
Argentina,0-19,7422,7158,14580
Argentina,20-39,6745,6691,13436
Argentina,40-59,4902,5247,10149
Argentina,60+,2971,4042,7013
Armenia,0-19,416,368,784
Armenia,20-39,437,472,909
Armenia,40-59,314,398,712
Armenia,60+,216,322,538
Aruba,0-19,11,10,21
Aruba,20-39,10,11,21
Aruba,40-59,13,15,28
Aruba,60+,7,11,18
Asia,0-19,755565,690261,1445826
Asia,20-39,745785,692584,1438369
Asia,40-59,584112,566193,1150305
Asia,60+,287989,318545,606534
Asia-Pacific Economic Cooperation (APEC),0-19,398481,364272,762753
Asia-Pacific Economic Cooperation (APEC),20-39,439141,417000,856141
Asia-Pacific Economic Cooperation (APEC),40-59,414506,412276,826782
Asia-Pacific Economic Cooperation (APEC),60+,242705,283849,526554
Asia-Pacific Group,0-19,752832,687792,1440624
Asia-Pacific Group,20-39,742899,689694,1432593
Asia-Pacific Group,40-59,581823,563620,1145443
Asia-Pacific Group,60+,286496,316507,603003
Association of Southeast Asian Nations (ASEAN),0-19,114354,108271,222625
Association of Southeast Asian Nations (ASEAN),20-39,105756,103505,209261
Association of Southeast Asian Nations (ASEAN),40-59,79651,81380,161031
Association of Southeast Asian Nations (ASEAN),60+,33494,40870,74364
Australia,0-19,3300,3136,6436
Australia,20-39,3580,3510,7090
Australia,40-59,3176,3234,6410
Australia,60+,2631,2912,5543
Australia/New Zealand,0-19,3936,3741,7677
Australia/New Zealand,20-39,4228,4152,8380
Australia/New Zealand,40-59,3760,3870,7630
Australia/New Zealand,60+,3135,3479,6614
Austria,0-19,900,846,1746
Austria,20-39,1204,1151,2355
Austria,40-59,1292,1290,2582
Austria,60+,1033,1270,2303
Azerbaijan,0-19,1610,1407,3017
Azerbaijan,20-39,1704,1668,3372
Azerbaijan,40-59,1227,1331,2558
Azerbaijan,60+,514,659,1173
BRIC,0-19,484426,434022,918448
BRIC,20-39,509905,468265,978170
BRIC,40-59,420006,409236,829242
BRIC,60+,213081,238862,451943
BRICS,0-19,495534,444907,940441
BRICS,20-39,520122,478343,998465
BRICS,40-59,425803,415394,841197
BRICS,60+,215170,241834,457004
Bahamas,0-19,57,56,113
Bahamas,20-39,58,60,118
Bahamas,40-59,49,54,103
Bahamas,60+,18,23,41
Bahrain,0-19,206,190,396
Bahrain,20-39,578,233,811
Bahrain,40-59,259,134,393
Bahrain,60+,49,34,83
Bangladesh,0-19,30478,29164,59642
Bangladesh,20-39,28048,28225,56273
Bangladesh,40-59,18014,17639,35653
Bangladesh,60+,6708,6390,13098
Barbados,0-19,31,31,62
Barbados,20-39,36,36,72
Barbados,40-59,36,39,75
Barbados,60+,25,34,59
Belarus,0-19,1058,1009,2067
Belarus,20-39,1327,1276,2603
Belarus,40-59,1239,1388,2627
Belarus,60+,762,1366,2128
Belgium,0-19,1345,1266,2611
Belgium,20-39,1462,1424,2886
Belgium,40-59,1584,1530,3114
Belgium,60+,1345,1615,2960
Belize,0-19,77,75,152
Belize,20-39,65,67,132
Belize,40-59,36,36,72
Belize,60+,12,12,24
Belt-Road Initiative (BRI),0-19,673177,645830,1319007
Belt-Road Initiative (BRI),20-39,523917,510432,1034349
Belt-Road Initiative (BRI),40-59,343601,348768,692369
Belt-Road Initiative (BRI),60+,158654,198664,357318
Belt-Road Initiative: Africa,0-19,303211,295127,598338
Belt-Road Initiative: Africa,20-39,176619,176250,352869
Belt-Road Initiative: Africa,40-59,85472,88849,174321
Belt-Road Initiative: Africa,60+,30763,36347,67110
Belt-Road Initiative: Asia,0-19,288453,272886,561339
Belt-Road Initiative: Asia,20-39,257731,246561,504292
Belt-Road Initiative: Asia,40-59,176674,173321,349995
Belt-Road Initiative: Asia,60+,72935,83944,156879
Belt-Road Initiative: Europe,0-19,44417,42050,86467
Belt-Road Initiative: Europe,20-39,54724,52878,107602
Belt-Road Initiative: Europe,40-59,56196,60066,116262
Belt-Road Initiative: Europe,60+,41315,62229,103544
Belt-Road Initiative: Latin America and the Caribbean,0-19,34003,32859,66862
Belt-Road Initiative: Latin America and the Caribbean,20-39,32519,32498,65017
Belt-Road Initiative: Latin America and the Caribbean,40-59,23712,24951,48663
Belt-Road Initiative: Latin America and the Caribbean,60+,12803,15206,28009
Belt-Road Initiative: Pacific,0-19,3084,2898,5982
Belt-Road Initiative: Pacific,20-39,2318,2237,4555
Belt-Road Initiative: Pacific,40-59,1540,1573,3113
Belt-Road Initiative: Pacific,60+,820,921,1741
Benin,0-19,3231,3141,6372
Benin,20-39,1750,1743,3493
Benin,40-59,794,836,1630
Benin,60+,270,339,609
Bhutan,0-19,131,127,258
Bhutan,20-39,157,131,288
Bhutan,40-59,78,66,144
Bhutan,60+,35,29,64
Black Sea Economic Cooperation (BSEC),0-19,43865,41491,85356
Black Sea Economic Cooperation (BSEC),20-39,48954,47767,96721
Black Sea Economic Cooperation (BSEC),40-59,43519,47564,91083
Black Sea Economic Cooperation (BSEC),60+,27072,43102,70174
Bolivarian Alliance for the Americas (ALBA),0-19,10272,9818,20090
Bolivarian Alliance for the Americas (ALBA),20-39,8599,8602,17201
Bolivarian Alliance for the Americas (ALBA),40-59,6637,7021,13658
Bolivarian Alliance for the Americas (ALBA),60+,3527,4196,7723
Bolivia (Plurinational State of),0-19,2378,2280,4658
Bolivia (Plurinational State of),20-39,1856,1820,3676
Bolivia (Plurinational State of),40-59,1051,1068,2119
Bolivia (Plurinational State of),60+,563,639,1202
Bosnia and Herzegovina,0-19,327,310,637
Bosnia and Herzegovina,20-39,439,418,857
Bosnia and Herzegovina,40-59,468,477,945
Bosnia and Herzegovina,60+,362,459,821
Botswana,0-19,510,498,1008
Botswana,20-39,372,391,763
Botswana,40-59,186,218,404
Botswana,60+,62,96,158
Brazil,0-19,30744,29489,60233
Brazil,20-39,34383,34195,68578
Brazil,40-59,26103,27775,53878
Brazil,60+,13195,16653,29848
Brunei Darussalam,0-19,66,62,128
Brunei Darussalam,20-39,76,66,142
Brunei Darussalam,40-59,59,54,113
Brunei Darussalam,60+,16,18,34
Bulgaria,0-19,685,646,1331
Bulgaria,20-39,850,792,1642
Bulgaria,40-59,1015,988,2003
Bulgaria,60+,812,1137,1949
Burkina Faso,0-19,5893,5683,11576
Burkina Faso,20-39,2988,2944,5932
Burkina Faso,40-59,1222,1338,2560
Burkina Faso,60+,331,483,814
Burundi,0-19,3317,3276,6593
Burundi,20-39,1767,1797,3564
Burundi,40-59,588,648,1236
Burundi,60+,218,261,479
Cabo Verde,0-19,101,100,201
Cabo Verde,20-39,100,92,192
Cabo Verde,40-59,55,53,108
Cabo Verde,60+,13,22,35
Cambodia,0-19,3371,3256,6627
Cambodia,20-39,2980,3023,6003
Cambodia,40-59,1312,1502,2814
Cambodia,60+,491,765,1256
Cameroon,0-19,7066,6952,14018
Cameroon,20-39,3980,3968,7948
Cameroon,40-59,1702,1724,3426
Cameroon,60+,518,615,1133
Canada,0-19,4062,3877,7939
Canada,20-39,5233,5138,10371
Canada,40-59,5008,5017,10025
Canada,60+,4418,4970,9388
Caribbean,0-19,7077,6796,13873
Caribbean,20-39,6446,6410,12856
Caribbean,40-59,5003,5314,10317
Caribbean,60+,2959,3510,6469
Caribbean Community and Common Market (CARICOM),0-19,3639,3524,7163
Caribbean Community and Common Market (CARICOM),20-39,3033,3077,6110
Caribbean Community and Common Market (CARICOM),40-59,1766,1900,3666
Caribbean Community and Common Market (CARICOM),60+,874,1017,1891
Central African Republic,0-19,1355,1342,2697
Central African Republic,20-39,668,669,1337
Central African Republic,40-59,276,294,570
Central African Republic,60+,86,122,208
Central America,0-19,32910,31546,64456
Central America,20-39,28288,29047,57335
Central America,40-59,18165,20501,38666
Central America,60+,8676,10512,19188
Central Asia,0-19,14408,13689,28097
Central Asia,20-39,12182,12010,24192
Central Asia,40-59,7413,7991,15404
Central Asia,60+,2798,3827,6625
Central European Free Trade Agreement (CEFTA),0-19,2813,2626,5439
Central European Free Trade Agreement (CEFTA),20-39,3687,3488,7175
Central European Free Trade Agreement (CEFTA),40-59,3425,3548,6973
Central European Free Trade Agreement (CEFTA),60+,2677,3459,6136
Central and Southern Asia,0-19,385956,353680,739636
Central and Southern Asia,20-39,343954,319421,663375
Central and Southern Asia,40-59,214225,206793,421018
Central and Southern Asia,60+,93452,97208,190660
Chad,0-19,4762,4724,9486
Chad,20-39,2277,2269,4546
Chad,40-59,857,876,1733
Chad,60+,292,346,638
Channel Islands,0-19,16,16,32
Channel Islands,20-39,21,20,41
Channel Islands,40-59,23,23,46
Channel Islands,60+,15,19,34
Chile,0-19,2501,2416,4917
Chile,20-39,3012,2925,5937
Chile,40-59,2429,2499,4928
Chile,60+,1474,1838,3312
China,0-19,180228,157041,337269
China,20-39,215583,198390,413973
China,40-59,222768,215527,438295
China,60+,119660,130106,249766
China (and dependencies),0-19,183129,159713,342842
China (and dependencies),20-39,219969,202881,422850
China (and dependencies),40-59,227521,220750,448271
China (and dependencies),60+,123204,134097,257301
"China, Hong Kong SAR",0-19,636,578,1214
"China, Hong Kong SAR",20-39,873,1112,1985
"China, Hong Kong SAR",40-59,998,1335,2333
"China, Hong Kong SAR",60+,923,1023,1946
"China, Macao SAR",0-19,57,53,110
"China, Macao SAR",20-39,104,110,214
"China, Macao SAR",40-59,84,104,188
"China, Macao SAR",60+,56,59,115
"China, Taiwan Province of China",0-19,2201,2036,4237
"China, Taiwan Province of China",20-39,3403,3262,6665
"China, Taiwan Province of China",40-59,3666,3778,7444
"China, Taiwan Province of China",60+,2554,2897,5451
Colombia,0-19,7935,7593,15528
Colombia,20-39,8363,8291,16654
Colombia,40-59,5679,6312,11991
Colombia,60+,2998,3691,6689
Commonwealth of Independent States (CIS),0-19,39928,37747,77675
Commonwealth of Independent States (CIS),20-39,42665,41951,84616
Commonwealth of Independent States (CIS),40-59,34887,39098,73985
Commonwealth of Independent States (CIS),60+,20015,34282,54297
Commonwealth of Nations,0-19,519852,484304,1004156
Commonwealth of Nations,20-39,421738,395169,816907
Commonwealth of Nations,40-59,256318,249355,505673
Commonwealth of Nations,60+,115396,123232,238628
Commonwealth: Africa,0-19,152793,148775,301568
Commonwealth: Africa,20-39,86402,86188,172590
Commonwealth: Africa,40-59,40112,41630,81742
Commonwealth: Africa,60+,12461,15612,28073
Commonwealth: Asia,0-19,347144,316563,663707
Commonwealth: Asia,20-39,313767,287810,601577
Commonwealth: Asia,40-59,196624,187795,384419
Commonwealth: Asia,60+,86673,89257,175930
Commonwealth: Caribbean and Americas,0-19,5135,4912,10047
Commonwealth: Caribbean and Americas,20-39,6316,6213,12529
Commonwealth: Caribbean and Americas,40-59,5802,5857,11659
Commonwealth: Caribbean and Americas,60+,4864,5474,10338
Commonwealth: Europe,0-19,8203,7838,16041
Commonwealth: Europe,20-39,9246,9104,18350
Commonwealth: Europe,40-59,9000,9200,18200
Commonwealth: Europe,60+,7908,9014,16922
Commonwealth: Pacific,0-19,6567,6208,12775
Commonwealth: Pacific,20-39,5998,5847,11845
Commonwealth: Pacific,40-59,4771,4864,9635
Commonwealth: Pacific,60+,3475,3855,7330
Comoros,0-19,216,209,425
Comoros,20-39,135,131,266
Comoros,40-59,62,63,125
Comoros,60+,17,21,38
Congo,0-19,1434,1412,2846
Congo,20-39,776,774,1550
Congo,40-59,427,433,860
Congo,60+,109,136,245
Costa Rica,0-19,726,693,1419
Costa Rica,20-39,835,812,1647
Costa Rica,40-59,617,633,1250
Costa Rica,60+,355,401,756
Countries with Access to the Sea,0-19,1200641,1119622,2320263
Countries with Access to the Sea,20-39,1112050,1053007,2165057
Countries with Access to the Sea,40-59,859220,852286,1711506
Countries with Access to the Sea,60+,463306,539048,1002354
Countries with Access to the Sea: Africa,0-19,250536,243324,493860
Countries with Access to the Sea: Africa,20-39,148164,146919,295083
Countries with Access to the Sea: Africa,40-59,74492,77140,151632
Countries with Access to the Sea: Africa,60+,26993,31619,58612
Countries with Access to the Sea: Asia,0-19,720259,656630,1376889
Countries with Access to the Sea: Asia,20-39,719486,665347,1384833
Countries with Access to the Sea: Asia,40-59,569289,549987,1119276
Countries with Access to the Sea: Asia,60+,282144,311061,593205
Countries with Access to the Sea: Europe,0-19,73927,70008,143935
Countries with Access to the Sea: Europe,20-39,86856,84258,171114
Countries with Access to the Sea: Europe,40-59,92626,96438,189064
Countries with Access to the Sea: Europe,60+,74334,100599,174933
Countries with Access to the Sea: Latin America and the Caribbean,0-19,103171,99241,202412
Countries with Access to the Sea: Latin America and the Caribbean,20-39,100098,100586,200684
Countries with Access to the Sea: Latin America and the Caribbean,40-59,71761,77326,149087
Countries with Access to the Sea: Latin America and the Caribbean,60+,37105,45846,82951
Countries with Access to the Sea: Northern America,0-19,45990,44031,90021
Countries with Access to the Sea: Northern America,20-39,51278,49888,101166
Countries with Access to the Sea: Northern America,40-59,46136,46392,92528
Countries with Access to the Sea: Northern America,60+,39166,45968,85134
Countries with Access to the Sea: Oceania,0-19,6749,6379,13128
Countries with Access to the Sea: Oceania,20-39,6157,6001,12158
Countries with Access to the Sea: Oceania,40-59,4905,4995,9900
Countries with Access to the Sea: Oceania,60+,3541,3929,7470
Croatia,0-19,407,383,790
Croatia,20-39,514,494,1008
Croatia,40-59,563,570,1133
Croatia,60+,485,669,1154
Cuba,0-19,1255,1187,2442
Cuba,20-39,1506,1435,2941
Cuba,40-59,1744,1780,3524
Cuba,60+,1108,1289,2397
Curaçao,0-19,19,19,38
Curaçao,20-39,16,19,35
Curaçao,40-59,17,24,41
Curaçao,60+,14,21,35
Cyprus,0-19,139,130,269
Cyprus,20-39,194,181,375
Cyprus,40-59,153,157,310
Cyprus,60+,107,124,231
Czechia,0-19,1115,1056,2171
Czechia,20-39,1323,1258,2581
Czechia,40-59,1603,1544,3147
Czechia,60+,1223,1570,2793
Côte d'Ivoire,0-19,6954,6897,13851
Côte d'Ivoire,20-39,3903,3927,7830
Côte d'Ivoire,40-59,1784,1665,3449
Côte d'Ivoire,60+,650,579,1229
Dem. People's Republic of Korea,0-19,3571,3416,6987
Dem. People's Republic of Korea,20-39,3848,3716,7564
Dem. People's Republic of Korea,40-59,3648,3685,7333
Dem. People's Republic of Korea,60+,1530,2344,3874
Democratic Republic of the Congo,0-19,25444,25038,50482
Democratic Republic of the Congo,20-39,11939,11989,23928
Democratic Republic of the Congo,40-59,5383,5566,10949
Democratic Republic of the Congo,60+,1933,2248,4181
Denmark,0-19,655,623,1278
Denmark,20-39,735,709,1444
Denmark,40-59,773,770,1543
Denmark,60+,706,800,1506
Denmark (and dependencies),0-19,670,637,1307
Denmark (and dependencies),20-39,750,723,1473
Denmark (and dependencies),40-59,789,784,1573
Denmark (and dependencies),60+,716,810,1526
Djibouti,0-19,196,175,371
Djibouti,20-39,177,159,336
Djibouti,40-59,103,92,195
Djibouti,60+,31,34,65
Dominican Republic,0-19,2005,1927,3932
Dominican Republic,20-39,1716,1699,3415
Dominican Republic,40-59,1122,1163,2285
Dominican Republic,60+,565,630,1195
ECE: North America-2,0-19,45975,44016,89991
ECE: North America-2,20-39,51261,49872,101133
ECE: North America-2,40-59,46117,46376,92493
ECE: North America-2,60+,39152,45953,85105
ECE: UNECE-52,0-19,159562,151587,311149
ECE: UNECE-52,20-39,176691,171842,348533
ECE: UNECE-52,40-59,168774,174331,343105
ECE: UNECE-52,60+,129994,168682,298676
ECLAC: Latin America,0-19,105187,101179,206366
ECLAC: Latin America,20-39,101515,101919,203434
ECLAC: Latin America,40-59,72011,77419,149430
ECLAC: Latin America,60+,37040,45641,82681
ECLAC: The Caribbean,0-19,1752,1671,3423
ECLAC: The Caribbean,20-39,1681,1674,3355
ECLAC: The Caribbean,40-59,1448,1601,3049
ECLAC: The Caribbean,60+,971,1207,2178
ESCAP region: East and North-East Asia,0-19,200733,176451,377184
ESCAP region: East and North-East Asia,20-39,241832,223381,465213
ESCAP region: East and North-East Asia,40-59,254037,246572,500609
ESCAP region: East and North-East Asia,60+,147031,164216,311247
ESCAP region: North and Central Asia,0-19,34346,32463,66809
ESCAP region: North and Central Asia,20-39,35026,34595,69621
ESCAP region: North and Central Asia,40-59,27843,31154,58997
ESCAP region: North and Central Asia,60+,15586,26331,41917
ESCAP region: Pacific,0-19,6748,6377,13125
ESCAP region: Pacific,20-39,6156,6000,12156
ESCAP region: Pacific,40-59,4902,4992,9894
ESCAP region: Pacific,60+,3540,3928,7468
ESCAP region: South and South-West Asia,0-19,385356,353193,738549
ESCAP region: South and South-West Asia,20-39,344871,320258,665129
ESCAP region: South and South-West Asia,40-59,216754,209210,425964
ESCAP region: South and South-West Asia,60+,95429,99616,195045
ESCAP region: South-East Asia,0-19,114679,108586,223265
ESCAP region: South-East Asia,20-39,105960,103704,209664
ESCAP region: South-East Asia,40-59,79746,81473,161219
ESCAP region: South-East Asia,60+,33537,40914,74451
ESCAP: ADB Developing member countries (DMCs),0-19,672666,611340,1284006
ESCAP: ADB Developing member countries (DMCs),20-39,655003,611007,1266010
ESCAP: ADB Developing member countries (DMCs),40-59,509062,496596,1005658
ESCAP: ADB Developing member countries (DMCs),60+,243173,265368,508541
ESCAP: ADB Group A (Concessional assistance only),0-19,35185,34069,69254
ESCAP: ADB Group A (Concessional assistance only),20-39,25918,27194,53112
ESCAP: ADB Group A (Concessional assistance only),40-59,14363,16066,30429
ESCAP: ADB Group A (Concessional assistance only),60+,5490,7153,12643
ESCAP: ADB Group B (OCR blend),0-19,347192,316528,663720
ESCAP: ADB Group B (OCR blend),20-39,312114,286216,598330
ESCAP: ADB Group B (OCR blend),40-59,193870,185444,379314
ESCAP: ADB Group B (OCR blend),60+,84400,86830,171230
ESCAP: ADB Group C (Regular OCR only),0-19,290284,260738,551022
ESCAP: ADB Group C (Regular OCR only),20-39,316969,297593,614562
ESCAP: ADB Group C (Regular OCR only),40-59,300824,295082,595906
ESCAP: ADB Group C (Regular OCR only),60+,153275,171375,324650
ESCAP: ASEAN,0-19,114354,108271,222625
ESCAP: ASEAN,20-39,105756,103505,209261
ESCAP: ASEAN,40-59,79651,81380,161031
ESCAP: ASEAN,60+,33494,40870,74364
ESCAP: Central Asia,0-19,16974,15957,32931
ESCAP: Central Asia,20-39,14865,14681,29546
ESCAP: Central Asia,40-59,9450,10275,19725
ESCAP: Central Asia,60+,3872,5337,9209
ESCAP: ECO,0-19,105373,98876,204249
ESCAP: ECO,20-39,83804,81111,164915
ESCAP: ECO,40-59,49590,49858,99448
ESCAP: ECO,60+,20793,23205,43998
ESCAP: HDI groups,0-19,741870,677077,1418947
ESCAP: HDI groups,20-39,733853,687947,1421800
ESCAP: HDI groups,40-59,583291,573409,1156700
ESCAP: HDI groups,60+,295141,335024,630165
ESCAP: Landlocked countries (LLDCs),0-19,35304,33629,68933
ESCAP: Landlocked countries (LLDCs),20-39,26297,27237,53534
ESCAP: Landlocked countries (LLDCs),40-59,14820,16205,31025
ESCAP: Landlocked countries (LLDCs),60+,5843,7478,13321
ESCAP: Least Developed Countries (LDCs),0-19,62219,59971,122190
ESCAP: Least Developed Countries (LDCs),20-39,51308,52928,104236
ESCAP: Least Developed Countries (LDCs),40-59,30992,32248,63240
ESCAP: Least Developed Countries (LDCs),60+,11736,12955,24691
ESCAP: Pacific island dev. econ.,0-19,2810,2634,5444
ESCAP: Pacific island dev. econ.,20-39,1926,1845,3771
ESCAP: Pacific island dev. econ.,40-59,1141,1120,2261
ESCAP: Pacific island dev. econ.,60+,401,443,844
ESCAP: SAARC,0-19,358049,327170,685219
ESCAP: SAARC,20-39,317255,292842,610097
ESCAP: SAARC,40-59,196783,188874,385657
ESCAP: SAARC,60+,86279,89100,175379
ESCAP: WB High income econ.,0-19,20942,19781,40723
ESCAP: WB High income econ.,20-39,27214,25884,53098
ESCAP: WB High income econ.,40-59,32207,31905,64112
ESCAP: WB High income econ.,60+,29561,35791,65352
ESCAP: WB Low income econ.,0-19,20135,19347,39482
ESCAP: WB Low income econ.,20-39,13894,14918,28812
ESCAP: WB Low income econ.,40-59,8427,9063,17490
ESCAP: WB Low income econ.,60+,3467,4571,8038
ESCAP: WB Lower middle income econ.,0-19,455415,419141,874556
ESCAP: WB Lower middle income econ.,20-39,407611,380326,787937
ESCAP: WB Lower middle income econ.,40-59,262964,256026,518990
ESCAP: WB Lower middle income econ.,60+,111841,120846,232687
ESCAP: WB Upper middle income econ.,0-19,245371,218800,464171
ESCAP: WB Upper middle income econ.,20-39,285127,266809,551936
ESCAP: WB Upper middle income econ.,40-59,279685,276407,556092
ESCAP: WB Upper middle income econ.,60+,150255,173800,324055
ESCAP: WB income groups,0-19,741867,677074,1418941
ESCAP: WB income groups,20-39,733851,687944,1421795
ESCAP: WB income groups,40-59,583288,573407,1156695
ESCAP: WB income groups,60+,295137,335024,630161
ESCAP: high HDI,0-19,20853,19697,40550
ESCAP: high HDI,20-39,27126,25798,52924
ESCAP: high HDI,40-59,32129,31829,63958
ESCAP: high HDI,60+,29522,35750,65272
ESCAP: high income,0-19,20887,19731,40618
ESCAP: high income,20-39,27164,25833,52997
ESCAP: high income,40-59,32157,31859,64016
ESCAP: high income,60+,29539,35768,65307
ESCAP: income groups,0-19,741870,677077,1418947
ESCAP: income groups,20-39,733853,687947,1421800
ESCAP: income groups,40-59,583291,573409,1156700
ESCAP: income groups,60+,295141,335024,630165
ESCAP: low HDI,0-19,373996,342622,716618
ESCAP: low HDI,20-39,330357,306011,636368
ESCAP: low HDI,40-59,203797,196775,400572
ESCAP: low HDI,60+,88301,91976,180277
ESCAP: low income,0-19,400380,367012,767392
ESCAP: low income,20-39,357109,331965,689074
ESCAP: low income,40-59,223648,217169,440817
ESCAP: low income,60+,96328,103102,199430
ESCAP: lower middle HDI,0-19,288064,258753,546817
ESCAP: lower middle HDI,20-39,314863,295265,610128
ESCAP: lower middle HDI,40-59,298863,293118,591981
ESCAP: lower middle HDI,60+,151405,169364,320769
ESCAP: lower middle income,0-19,100375,95271,195646
ESCAP: lower middle income,20-39,91765,90562,182327
ESCAP: lower middle income,40-59,70513,71739,142252
ESCAP: lower middle income,60+,30432,35539,65971
ESCAP: other Asia-Pacific countries/areas,0-19,37675,35936,73611
ESCAP: other Asia-Pacific countries/areas,20-39,38054,30372,68426
ESCAP: other Asia-Pacific countries/areas,40-59,23963,18498,42461
ESCAP: other Asia-Pacific countries/areas,60+,7994,8313,16307
ESCAP: upper middle HDI,0-19,58950,56001,114951
ESCAP: upper middle HDI,20-39,61500,60866,122366
ESCAP: upper middle HDI,40-59,48494,51681,100175
ESCAP: upper middle HDI,60+,25898,37920,63818
ESCAP: upper middle income,0-19,220222,195057,415279
ESCAP: upper middle income,20-39,257810,239582,497392
ESCAP: upper middle income,40-59,256966,252638,509604
ESCAP: upper middle income,60+,138827,160602,299429
ESCWA: Arab countries,0-19,91825,87793,179618
ESCWA: Arab countries,20-39,74799,66657,141456
ESCWA: Arab countries,40-59,43965,39135,83100
ESCWA: Arab countries,60+,15578,16608,32186
ESCWA: Arab least developed countries,0-19,25005,24302,49307
ESCWA: Arab least developed countries,20-39,14529,14415,28944
ESCWA: Arab least developed countries,40-59,6288,6578,12866
ESCWA: Arab least developed countries,60+,2317,2621,4938
ESCWA: Gulf Cooperation Council countries,0-19,8204,7867,16071
ESCWA: Gulf Cooperation Council countries,20-39,15495,8383,23878
ESCWA: Gulf Cooperation Council countries,40-59,10677,4989,15666
ESCWA: Gulf Cooperation Council countries,60+,1832,1197,3029
ESCWA: Maghreb countries,0-19,18117,17267,35384
ESCWA: Maghreb countries,20-39,15684,15550,31234
ESCWA: Maghreb countries,40-59,10790,11251,22041
ESCWA: Maghreb countries,60+,5200,5570,10770
ESCWA: Mashreq countries,0-19,40495,38350,78845
ESCWA: Mashreq countries,20-39,29087,28305,57392
ESCWA: Mashreq countries,40-59,16203,16308,32511
ESCWA: Mashreq countries,60+,6215,7204,13419
ESCWA: member countries,0-19,78431,74819,153250
ESCWA: member countries,20-39,65377,57394,122771
ESCWA: member countries,40-59,38312,33424,71736
ESCWA: member countries,60+,13012,13986,26998
East African Community (EAC),0-19,52641,51764,104405
East African Community (EAC),20-39,28654,29279,57933
East African Community (EAC),40-59,12197,12772,24969
East African Community (EAC),60+,3486,4472,7958
Eastern Africa,0-19,118856,116852,235708
Eastern Africa,20-39,65496,66764,132260
Eastern Africa,40-59,27641,29340,56981
Eastern Africa,60+,9034,11400,20434
Eastern Asia,0-19,202937,178489,381426
Eastern Asia,20-39,245237,226644,471881
Eastern Asia,40-59,257704,250352,508056
Eastern Asia,60+,149590,167117,316707
Eastern Europe,0-19,32703,31036,63739
Eastern Europe,20-39,40315,39069,79384
Eastern Europe,40-59,38553,41955,80508
Eastern Europe,60+,26249,43111,69360
Eastern European Group,0-19,38487,36313,74800
Eastern European Group,20-39,47007,45501,92508
Eastern European Group,40-59,44607,48366,92973
Eastern European Group,60+,30554,48975,79529
Eastern and South-Eastern Asia,0-19,317617,287076,604693
Eastern and South-Eastern Asia,20-39,351197,330352,681549
Eastern and South-Eastern Asia,40-59,337451,331827,669278
Eastern and South-Eastern Asia,60+,183130,208037,391167
Economic Community of Central African States (ECCAS),0-19,56937,56232,113169
Economic Community of Central African States (ECCAS),20-39,28536,28702,57238
Economic Community of Central African States (ECCAS),40-59,12306,12738,25044
Economic Community of Central African States (ECCAS),60+,4102,4866,8968
Economic Community of West African States (ECOWAS),0-19,108899,105129,214028
Economic Community of West African States (ECOWAS),20-39,56572,55718,112290
Economic Community of West African States (ECOWAS),40-59,26028,26781,52809
Economic Community of West African States (ECOWAS),60+,8434,9627,18061
Economic Cooperation Organization (ECO),0-19,105373,98876,204249
Economic Cooperation Organization (ECO),20-39,83804,81111,164915
Economic Cooperation Organization (ECO),40-59,49590,49858,99448
Economic Cooperation Organization (ECO),60+,20793,23205,43998
Ecuador,0-19,3263,3126,6389
Ecuador,20-39,2834,2791,5625
Ecuador,40-59,1809,1867,3676
Ecuador,60+,907,1027,1934
Egypt,0-19,22342,21067,43409
Egypt,20-39,16093,15614,31707
Egypt,40-59,9359,9431,18790
Egypt,60+,3898,4509,8407
El Salvador,0-19,1175,1133,2308
El Salvador,20-39,977,1117,2094
El Salvador,40-59,552,737,1289
El Salvador,60+,321,452,773
Equatorial Guinea,0-19,321,311,632
Equatorial Guinea,20-39,328,204,532
Equatorial Guinea,40-59,100,73,173
Equatorial Guinea,60+,23,24,47
Eritrea,0-19,933,896,1829
Eritrea,20-39,517,512,1029
Eritrea,40-59,218,231,449
Eritrea,60+,98,121,219
Estonia,0-19,142,135,277
Estonia,20-39,175,160,335
Estonia,40-59,173,173,346
Estonia,60+,129,220,349
Eswatini,0-19,282,277,559
Eswatini,20-39,181,190,371
Eswatini,40-59,75,76,151
Eswatini,60+,24,36,60
Ethiopia,0-19,29782,29082,58864
Ethiopia,20-39,17671,17557,35228
Ethiopia,40-59,7242,7497,14739
Ethiopia,60+,2812,3300,6112
Eurasian Economic Community (Eurasec),0-19,31656,30051,61707
Eurasian Economic Community (Eurasec),20-39,32689,32220,64909
Eurasian Economic Community (Eurasec),40-59,26455,29620,56075
Eurasian Economic Community (Eurasec),60+,15073,25908,40981
Europe,0-19,81134,76827,157961
Europe,20-39,96151,93175,189326
Europe,40-59,102277,106255,208532
Europe,60+,81490,110309,191799
Europe (48),0-19,81134,76827,157961
Europe (48),20-39,96151,93175,189326
Europe (48),40-59,102277,106255,208532
Europe (48),60+,81490,110309,191799
Europe and Northern America,0-19,127125,120860,247985
Europe and Northern America,20-39,147432,143064,290496
Europe and Northern America,40-59,148414,152648,301062
Europe and Northern America,60+,120660,156280,276940
European Community (EC: 12),0-19,40845,38642,79487
European Community (EC: 12),20-39,46512,45254,91766
European Community (EC: 12),40-59,54241,54827,109068
European Community (EC: 12),60+,47224,57294,104518
European Free Trade Agreement (EFTA),0-19,1573,1496,3069
European Free Trade Agreement (EFTA),20-39,1948,1878,3826
European Free Trade Agreement (EFTA),40-59,2041,1977,4018
European Free Trade Agreement (EFTA),60+,1653,1871,3524
European Union (EU: 15),0-19,43541,41193,84734
European Union (EU: 15),20-39,49753,48347,98100
European Union (EU: 15),40-59,57532,58061,115593
European Union (EU: 15),60+,50228,60830,111058
European Union (EU: 28),0-19,54186,51301,105487
European Union (EU: 28),20-39,63509,61291,124800
European Union (EU: 28),40-59,72039,72582,144621
European Union (EU: 28),60+,61509,76698,138207
Fiji,0-19,169,161,330
Fiji,20-39,139,134,273
Fiji,40-59,99,95,194
Fiji,60+,36,43,79
Finland,0-19,599,571,1170
Finland,20-39,705,669,1374
Finland,40-59,695,680,1375
Finland,60+,722,877,1599
France,0-19,7874,7531,15405
France,20-39,7616,7762,15378
France,40-59,8337,8620,16957
France,60+,7750,9760,17510
France (and dependencies),0-19,8336,7976,16312
France (and dependencies),20-39,7963,8134,16097
France (and dependencies),40-59,8684,9010,17694
France (and dependencies),60+,7984,10041,18025
French Guiana,0-19,61,59,120
French Guiana,20-39,38,41,79
French Guiana,40-59,29,29,58
French Guiana,60+,10,11,21
French Polynesia,0-19,42,39,81
French Polynesia,20-39,40,40,80
French Polynesia,40-59,36,36,72
French Polynesia,60+,16,16,32
Gabon,0-19,514,505,1019
Gabon,20-39,364,349,713
Gabon,40-59,194,168,362
Gabon,60+,51,60,111
Gambia,0-19,663,652,1315
Gambia,20-39,347,361,708
Gambia,40-59,135,150,285
Gambia,60+,45,44,89
Georgia,0-19,533,489,1022
Georgia,20-39,537,525,1062
Georgia,40-59,491,547,1038
Georgia,60+,332,518,850
Germany,0-19,8181,7627,15808
Germany,20-39,10499,9746,20245
Germany,40-59,11903,11824,23727
Germany,60+,10822,13159,23981
Ghana,0-19,7492,7179,14671
Ghana,20-39,4897,4688,9585
Ghana,40-59,2586,2576,5162
Ghana,60+,765,869,1634
Greater Arab Free Trade Area (GAFTA),0-19,85629,81715,167344
Greater Arab Free Trade Area (GAFTA),20-39,71668,63546,135214
Greater Arab Free Trade Area (GAFTA),40-59,42589,37704,80293
Greater Arab Free Trade Area (GAFTA),60+,15063,16044,31107
Greece,0-19,1002,945,1947
Greece,20-39,1232,1157,2389
Greece,40-59,1527,1548,3075
Greece,60+,1345,1645,2990
Grenada,0-19,15,15,30
Grenada,20-39,16,16,32
Grenada,40-59,12,11,23
Grenada,60+,4,5,9
Group of 77 (G77),0-19,1138418,1063344,2201762
Group of 77 (G77),20-39,975835,923691,1899526
Group of 77 (G77),40-59,689002,677664,1366666
Group of 77 (G77),60+,316069,351235,667304
Group of Eight (G8),0-19,103966,98990,202956
Group of Eight (G8),20-39,118832,115568,234400
Group of Eight (G8),40-59,120458,123382,243840
Group of Eight (G8),60+,104629,132715,237344
Group of Seven (G7),0-19,86594,82483,169077
Group of Seven (G7),20-39,98670,95653,194323
Group of Seven (G7),40-59,102067,102501,204568
Group of Seven (G7),60+,92916,111723,204639
Group of Twenty (G20) - member states,0-19,687800,628263,1316063
Group of Twenty (G20) - member states,20-39,719402,671358,1390760
Group of Twenty (G20) - member states,40-59,608092,597226,1205318
Group of Twenty (G20) - member states,60+,344562,396605,741167
Guadeloupe,0-19,51,48,99
Guadeloupe,20-39,36,41,77
Guadeloupe,40-59,46,61,107
Guadeloupe,60+,42,55,97
Guam,0-19,25,24,49
Guam,20-39,23,22,45
Guam,40-59,19,17,36
Guam,60+,9,10,19
Guatemala,0-19,4041,3874,7915
Guatemala,20-39,2952,2990,5942
Guatemala,40-59,1252,1500,2752
Guatemala,60+,572,715,1287
Guinea,0-19,3608,3553,7161
Guinea,20-39,1878,1954,3832
Guinea,40-59,626,883,1509
Guinea,60+,233,380,613
Guinea-Bissau,0-19,516,511,1027
Guinea-Bissau,20-39,288,304,592
Guinea-Bissau,40-59,114,131,245
Guinea-Bissau,60+,33,50,83
Gulf Cooperation Council (GCC),0-19,8204,7867,16071
Gulf Cooperation Council (GCC),20-39,15495,8383,23878
Gulf Cooperation Council (GCC),40-59,10677,4989,15666
Gulf Cooperation Council (GCC),60+,1832,1197,3029
Guyana,0-19,146,141,287
Guyana,20-39,120,115,235
Guyana,40-59,82,83,165
Guyana,60+,36,41,77
Haiti,0-19,2456,2387,4843
Haiti,20-39,1857,1914,3771
Haiti,40-59,904,989,1893
Haiti,60+,397,478,875
High-income countries,0-19,143911,136948,280859
High-income countries,20-39,172453,160223,332676
High-income countries,40-59,172928,168383,341311
High-income countries,60+,139666,168560,308226
Honduras,0-19,2077,1990,4067
Honduras,20-39,1701,1670,3371
Honduras,40-59,834,891,1725
Honduras,60+,328,394,722
Hungary,0-19,962,913,1875
Hungary,20-39,1225,1179,2404
Hungary,40-59,1378,1408,2786
Hungary,60+,1022,1553,2575
Iceland,0-19,42,41,83
Iceland,20-39,47,44,91
Iceland,40-59,40,40,80
Iceland,60+,32,34,66
India,0-19,256077,230982,487059
India,20-39,239771,215762,455533
India,40-59,152739,145049,297788
India,60+,68502,71098,139600
Indonesia,0-19,48320,45935,94255
Indonesia,20-39,42810,41926,84736
Indonesia,40-59,33609,33389,66998
Indonesia,60+,12970,14546,27516
Iran (Islamic Republic of),0-19,13493,12817,26310
Iran (Islamic Republic of),20-39,14514,14565,29079
Iran (Islamic Republic of),40-59,10025,9922,19947
Iran (Islamic Republic of),60+,4365,4272,8637
Iraq,0-19,9924,9394,19318
Iraq,20-39,6413,6152,12565
Iraq,40-59,3092,3182,6274
Iraq,60+,919,1126,2045
Ireland,0-19,684,653,1337
Ireland,20-39,627,633,1260
Ireland,40-59,671,688,1359
Ireland,60+,457,502,959
Israel,0-19,1576,1495,3071
Israel,20-39,1176,1139,2315
Israel,40-59,903,929,1832
Israel,60+,643,774,1417
Italy,0-19,5525,5200,10725
Italy,20-39,6677,6420,13097
Italy,40-59,9187,9398,18585
Italy,60+,8040,9996,18036
Jamaica,0-19,473,454,927
Jamaica,20-39,481,476,957
Jamaica,40-59,324,352,676
Jamaica,60+,184,201,385
Japan,0-19,11008,10434,21442
Japan,20-39,13619,12980,26599
Japan,40-59,17723,17287,35010
Japan,60+,19390,24012,43402
Jordan,0-19,2231,2158,4389
Jordan,20-39,1664,1627,3291
Jordan,40-59,972,921,1893
Jordan,60+,290,323,613
Kazakhstan,0-19,3388,3198,6586
Kazakhstan,20-39,2784,2780,5564
Kazakhstan,40-59,2057,2264,4321
Kazakhstan,60+,874,1411,2285
Kenya,0-19,13482,13275,26757
Kenya,20-39,8482,8580,17062
Kenya,40-59,3772,3933,7705
Kenya,60+,974,1257,2231
Kiribati,0-19,25,24,49
Kiribati,20-39,16,16,32
Kiribati,40-59,8,9,17
Kiribati,60+,1,2,3
Kuwait,0-19,614,524,1138
Kuwait,20-39,813,506,1319
Kuwait,40-59,1001,523,1524
Kuwait,60+,179,93,272
Kyrgyzstan,0-19,1344,1284,2628
Kyrgyzstan,20-39,1055,1038,2093
Kyrgyzstan,40-59,607,656,1263
Kyrgyzstan,60+,209,309,518
LLDC: Africa,0-19,93571,91656,185227
LLDC: Africa,20-39,49282,50222,99504
LLDC: Africa,40-59,20051,21319,41370
LLDC: Africa,60+,6769,8499,15268
LLDC: Asia,0-19,35304,33629,68933
LLDC: Asia,20-39,26297,27237,53534
LLDC: Asia,40-59,14820,16205,31025
LLDC: Asia,60+,5843,7478,13321
LLDC: Europe,0-19,670,629,1299
LLDC: Europe,20-39,995,956,1951
LLDC: Europe,40-59,807,855,1662
LLDC: Europe,60+,492,691,1183
LLDC: Latin America,0-19,3769,3609,7378
LLDC: Latin America,20-39,3097,3008,6105
LLDC: Latin America,40-59,1698,1694,3392
LLDC: Latin America,60+,906,1001,1907
Land-locked Countries,0-19,139855,135719,275574
Land-locked Countries,20-39,87975,89389,177364
Land-locked Countries,40-59,46223,49039,95262
Land-locked Countries,60+,20681,26694,47375
Land-locked Countries (Others),0-19,6534,6186,12720
Land-locked Countries (Others),20-39,8297,7956,16253
Land-locked Countries (Others),40-59,8839,8958,17797
Land-locked Countries (Others),60+,6654,9009,15663
Land-locked Developing Countries (LLDC),0-19,133319,129531,262850
Land-locked Developing Countries (LLDC),20-39,79676,81430,161106
Land-locked Developing Countries (LLDC),40-59,37383,40080,77463
Land-locked Developing Countries (LLDC),60+,14024,17680,31704
Lao People's Democratic Republic,0-19,1542,1488,3030
Lao People's Democratic Republic,20-39,1229,1216,2445
Lao People's Democratic Republic,40-59,646,648,1294
Lao People's Democratic Republic,60+,226,261,487
Latin America and the Caribbean,0-19,106941,102854,209795
Latin America and the Caribbean,20-39,103197,103596,206793
Latin America and the Caribbean,40-59,73462,79022,152484
Latin America and the Caribbean,60+,38016,46855,84871
Latin American Integration Association (ALADI),0-19,91380,87921,179301
Latin American Integration Association (ALADI),20-39,90348,90600,180948
Latin American Integration Association (ALADI),40-59,66136,70810,136946
Latin American Integration Association (ALADI),60+,34226,42220,76446
Latin American and Caribbean Group (GRULAC),0-19,106368,102315,208683
Latin American and Caribbean Group (GRULAC),20-39,102688,103081,205769
Latin American and Caribbean Group (GRULAC),40-59,72874,78329,151203
Latin American and Caribbean Group (GRULAC),60+,37516,46182,83698
Latvia,0-19,202,190,392
Latvia,20-39,230,218,448
Latvia,40-59,245,269,514
Latvia,60+,181,330,511
"League of Arab States (LAS, informal name: Arab League)",0-19,91825,87793,179618
"League of Arab States (LAS, informal name: Arab League)",20-39,74799,66657,141456
"League of Arab States (LAS, informal name: Arab League)",40-59,43965,39135,83100
"League of Arab States (LAS, informal name: Arab League)",60+,15578,16608,32186
Least developed countries,0-19,264578,258375,522953
Least developed countries,20-39,158155,160865,319020
Least developed countries,40-59,76108,80294,156402
Least developed countries,60+,27163,31878,59041
Least developed: Africa,0-19,192365,188765,381130
Least developed: Africa,20-39,100000,101129,201129
Least developed: Africa,40-59,42343,45135,87478
Least developed: Africa,60+,14383,17694,32077
Least developed: Asia,0-19,69469,66953,136422
Least developed: Asia,20-39,56129,57656,113785
Least developed: Asia,40-59,32769,34074,66843
Least developed: Asia,60+,12344,13661,26005
Least developed: Latin America and the Caribbean,0-19,2456,2387,4843
Least developed: Latin America and the Caribbean,20-39,1857,1914,3771
Least developed: Latin America and the Caribbean,40-59,904,989,1893
Least developed: Latin America and the Caribbean,60+,397,478,875
Least developed: Oceania,0-19,283,265,548
Least developed: Oceania,20-39,160,160,320
Least developed: Oceania,40-59,88,91,179
Least developed: Oceania,60+,28,31,59
Lebanon,0-19,1179,1105,2284
Lebanon,20-39,1041,1143,2184
Lebanon,40-59,841,743,1584
Lebanon,60+,365,391,756
Lesotho,0-19,452,451,903
Lesotho,20-39,368,350,718
Lesotho,40-59,170,178,348
Lesotho,60+,57,97,154
Less developed regions,0-19,1198422,1120302,2318724
Less developed regions,20-39,1034744,982195,2016939
Less developed regions,40-59,735543,727514,1463057
Less developed regions,60+,340792,381963,722755
"Less developed regions, excluding China",0-19,1015290,960587,1975877
"Less developed regions, excluding China",20-39,814772,779312,1594084
"Less developed regions, excluding China",40-59,508019,506762,1014781
"Less developed regions, excluding China",60+,217583,247860,465443
"Less developed regions, excluding least developed countries",0-19,933840,861925,1795765
"Less developed regions, excluding least developed countries",20-39,876587,821328,1697915
"Less developed regions, excluding least developed countries",40-59,659433,647217,1306650
"Less developed regions, excluding least developed countries",60+,313622,350080,663702
Less developed: Africa,0-19,344109,334982,679091
Less developed: Africa,20-39,197448,197144,394592
Less developed: Africa,40-59,94547,98460,193007
Less developed: Africa,60+,33767,40123,73890
Less developed: Asia,0-19,744553,679825,1424378
Less developed: Asia,20-39,732166,679603,1411769
Less developed: Asia,40-59,566386,548904,1115290
Less developed: Asia,60+,268592,294528,563120
Less developed: Latin America and the Caribbean,0-19,106941,102854,209795
Less developed: Latin America and the Caribbean,20-39,103197,103596,206793
Less developed: Latin America and the Caribbean,40-59,73462,79022,152484
Less developed: Latin America and the Caribbean,60+,38016,46855,84871
Less developed: Oceania,0-19,2812,2636,5448
Less developed: Oceania,20-39,1927,1847,3774
Less developed: Oceania,40-59,1143,1122,2265
Less developed: Oceania,60+,402,447,849
Liberia,0-19,1320,1270,2590
Liberia,20-39,737,729,1466
Liberia,40-59,359,366,725
Liberia,60+,116,141,257
Libya,0-19,1265,1201,2466
Libya,20-39,1135,1120,2255
Libya,40-59,844,820,1664
Libya,60+,216,252,468
Lithuania,0-19,278,263,541
Lithuania,20-39,337,314,651
Lithuania,40-59,369,404,773
Lithuania,60+,269,472,741
Low-income countries,0-19,204511,199966,404477
Low-income countries,20-39,112538,114722,227260
Low-income countries,40-59,50154,53650,103804
Low-income countries,60+,17837,22309,40146
Lower-middle-income countries,0-19,618825,576725,1195550
Lower-middle-income countries,20-39,509400,480705,990105
Lower-middle-income countries,40-59,317629,312762,630391
Lower-middle-income countries,60+,133707,148462,282169
Luxembourg,0-19,65,62,127
Luxembourg,20-39,91,89,180
Luxembourg,40-59,95,86,181
Luxembourg,60+,56,63,119
Madagascar,0-19,7107,6995,14102
Madagascar,20-39,4124,4141,8265
Madagascar,40-59,1932,1991,3923
Madagascar,60+,642,739,1381
Malawi,0-19,5232,5165,10397
Malawi,20-39,2781,2878,5659
Malawi,40-59,1089,1190,2279
Malawi,60+,321,454,775
Malaysia,0-19,5281,4974,10255
Malaysia,20-39,5913,5504,11417
Malaysia,40-59,3682,3451,7133
Malaysia,60+,1744,1796,3540
Maldives,0-19,66,62,128
Maldives,20-39,199,75,274
Maldives,40-59,56,40,96
Maldives,60+,13,13,26
Mali,0-19,5979,5786,11765
Mali,20-39,2687,2673,5360
Mali,40-59,1127,1204,2331
Mali,60+,343,431,774
Malta,0-19,42,39,81
Malta,20-39,60,56,116
Malta,40-59,56,54,110
Malta,60+,53,62,115
Martinique,0-19,41,39,80
Martinique,20-39,34,37,71
Martinique,40-59,44,58,102
Martinique,60+,44,57,101
Mauritania,0-19,1174,1138,2312
Mauritania,20-39,711,694,1405
Mauritania,40-59,340,347,687
Mauritania,60+,101,128,229
Mauritius,0-19,156,149,305
Mauritius,20-39,185,184,369
Mauritius,40-59,177,177,354
Mauritius,60+,101,125,226
Mayotte,0-19,67,65,132
Mayotte,20-39,33,38,71
Mayotte,40-59,20,20,40
Mayotte,60+,4,6,10
Melanesia,0-19,2568,2409,4977
Melanesia,20-39,1747,1671,3418
Melanesia,40-59,1007,989,1996
Melanesia,60+,336,374,710
Mexico,0-19,22722,21793,44515
Mexico,20-39,19980,20632,40612
Mexico,40-59,13789,15513,29302
Mexico,60+,6570,7914,14484
Micronesia,0-19,106,101,207
Micronesia,20-39,82,78,160
Micronesia,40-59,56,55,111
Micronesia,60+,25,30,55
Micronesia (Fed. States of),0-19,23,20,43
Micronesia (Fed. States of),20-39,18,16,34
Micronesia (Fed. States of),40-59,9,8,17
Micronesia (Fed. States of),60+,2,3,5
Middle Africa,0-19,50378,49727,100105
Middle Africa,20-39,24800,24844,49644
Middle Africa,40-59,10843,11163,22006
Middle Africa,60+,3590,4230,7820
Middle-income countries,0-19,991586,917955,1909541
Middle-income countries,20-39,914652,867053,1781705
Middle-income countries,40-59,682008,678908,1360916
Middle-income countries,60+,326260,374608,700868
Mongolia,0-19,625,610,1235
Mongolia,20-39,532,529,1061
Mongolia,40-59,351,381,732
Mongolia,60+,96,135,231
Montenegro,0-19,78,70,148
Montenegro,20-39,87,81,168
Montenegro,40-59,78,82,160
Montenegro,60+,59,74,133
More developed regions,0-19,142074,135040,277114
More developed regions,20-39,165282,160201,325483
More developed regions,40-59,169902,173811,343713
More developed regions,60+,143195,183780,326975
More developed: Asia,0-19,11008,10434,21442
More developed: Asia,20-39,13619,12980,26599
More developed: Asia,40-59,17723,17287,35010
More developed: Asia,60+,19390,24012,43402
More developed: Europe,0-19,81134,76827,157961
More developed: Europe,20-39,96151,93175,189326
More developed: Europe,40-59,102277,106255,208532
More developed: Europe,60+,81490,110309,191799
More developed: Northern America,0-19,45990,44031,90021
More developed: Northern America,20-39,51278,49888,101166
More developed: Northern America,40-59,46136,46392,92528
More developed: Northern America,60+,39166,45968,85134
More developed: Oceania,0-19,3936,3741,7677
More developed: Oceania,20-39,4228,4152,8380
More developed: Oceania,40-59,3760,3870,7630
More developed: Oceania,60+,3135,3479,6614
Morocco,0-19,6586,6259,12845
Morocco,20-39,5725,5761,11486
Morocco,40-59,3905,4288,8193
Morocco,60+,2092,2277,4369
Mozambique,0-19,8663,8645,17308
Mozambique,20-39,4347,4532,8879
Mozambique,40-59,1635,2050,3685
Mozambique,60+,532,829,1361
Myanmar,0-19,9519,9414,18933
Myanmar,20-39,8472,8759,17231
Myanmar,40-59,5968,6821,12789
Myanmar,60+,2248,3184,5432
Namibia,0-19,588,590,1178
Namibia,20-39,404,421,825
Namibia,40-59,179,205,384
Namibia,60+,53,84,137
Nepal,0-19,5848,5732,11580
Nepal,20-39,4050,5626,9676
Nepal,40-59,2291,3058,5349
Nepal,60+,1149,1365,2514
Netherlands,0-19,1900,1801,3701
Netherlands,20-39,2130,2062,4192
Netherlands,40-59,2344,2327,4671
Netherlands,60+,2152,2397,4549
Netherlands (and dependencies),0-19,1944,1843,3787
Netherlands (and dependencies),20-39,2171,2105,4276
Netherlands (and dependencies),40-59,2389,2379,4768
Netherlands (and dependencies),60+,2183,2440,4623
New Caledonia,0-19,41,39,80
New Caledonia,20-39,41,40,81
New Caledonia,40-59,36,36,72
New Caledonia,60+,16,18,34
New EU member states (joined since 2004),0-19,10645,10105,20750
New EU member states (joined since 2004),20-39,13753,12942,26695
New EU member states (joined since 2004),40-59,14506,14517,29023
New EU member states (joined since 2004),60+,11278,15864,27142
New Zealand,0-19,634,602,1236
New Zealand,20-39,646,641,1287
New Zealand,40-59,581,635,1216
New Zealand,60+,500,564,1064
New Zealand (and dependencies),0-19,637,606,1243
New Zealand (and dependencies),20-39,648,643,1291
New Zealand (and dependencies),40-59,584,637,1221
New Zealand (and dependencies),60+,502,565,1067
Nicaragua,0-19,1312,1241,2553
Nicaragua,20-39,1113,1103,2216
Nicaragua,40-59,584,684,1268
Nicaragua,60+,245,321,566
Niger,0-19,7456,7199,14655
Niger,20-39,2970,3001,5971
Niger,40-59,1244,1328,2572
Niger,60+,489,498,987
Nigeria,0-19,56974,54577,111551
Nigeria,20-39,29188,28354,57542
Nigeria,40-59,13869,13864,27733
Nigeria,60+,4428,4866,9294
No income group available,0-19,483,467,950
No income group available,20-39,379,394,773
No income group available,40-59,350,379,729
No income group available,60+,215,257,472
Non-Self-Governing Territories,0-19,275,264,539
Non-Self-Governing Territories,20-39,272,260,532
Non-Self-Governing Territories,40-59,225,214,439
Non-Self-Governing Territories,60+,106,115,221
North American Free Trade Agreement (NAFTA),0-19,68699,65812,134511
North American Free Trade Agreement (NAFTA),20-39,71244,70505,141749
North American Free Trade Agreement (NAFTA),40-59,59909,61890,121799
North American Free Trade Agreement (NAFTA),60+,45725,53868,99593
North Atlantic Treaty Organization (NATO),0-19,111546,106200,217746
North Atlantic Treaty Organization (NATO),20-39,125095,121288,246383
North Atlantic Treaty Organization (NATO),40-59,125136,126416,251552
North Atlantic Treaty Organization (NATO),60+,102805,125750,228555
North Macedonia,0-19,235,221,456
North Macedonia,20-39,311,295,606
North Macedonia,40-59,292,286,578
North Macedonia,60+,195,229,424
Northern Africa,0-19,51843,49418,101261
Northern Africa,20-39,38305,37681,75986
Northern Africa,40-59,23272,23978,47250
Northern Africa,60+,10292,11421,21713
Northern Africa and Western Asia,0-19,103832,98922,202754
Northern Africa and Western Asia,20-39,88937,80491,169428
Northern Africa and Western Asia,40-59,55704,51549,107253
Northern Africa and Western Asia,60+,21694,24717,46411
Northern America,0-19,45990,44031,90021
Northern America,20-39,51278,49888,101166
Northern America,40-59,46136,46392,92528
Northern America,60+,39166,45968,85134
Northern Europe,0-19,12507,11926,24433
Northern Europe,20-39,13979,13638,27617
Northern Europe,40-59,13853,14028,27881
Northern Europe,60+,12136,14171,26307
Norway,0-19,643,611,1254
Norway,20-39,753,708,1461
Norway,40-59,739,694,1433
Norway,60+,595,656,1251
Oceania,0-19,6749,6379,13128
Oceania,20-39,6157,6001,12158
Oceania,40-59,4905,4995,9900
Oceania,60+,3541,3929,7470
Oceania (excluding Australia and New Zealand),0-19,2812,2636,5448
Oceania (excluding Australia and New Zealand),20-39,1927,1847,3774
Oceania (excluding Australia and New Zealand),40-59,1143,1122,2265
Oceania (excluding Australia and New Zealand),60+,402,447,849
Oman,0-19,680,677,1357
Oman,20-39,1858,663,2521
Oman,40-59,707,291,998
Oman,60+,114,94,208
Organisation for Economic Co-operation and Development (OECD),0-19,158572,151075,309647
Organisation for Economic Co-operation and Development (OECD),20-39,175048,170485,345533
Organisation for Economic Co-operation and Development (OECD),40-59,172609,175123,347732
Organisation for Economic Co-operation and Development (OECD),60+,140135,170401,310536
Organization for Security and Co-operation in Europe (OSCE),0-19,158628,150718,309346
Organization for Security and Co-operation in Europe (OSCE),20-39,176070,171251,347321
Organization for Security and Co-operation in Europe (OSCE),40-59,168254,173813,342067
Organization for Security and Co-operation in Europe (OSCE),60+,129473,168067,297540
Organization of American States (OAS),0-19,152345,146334,298679
Organization of American States (OAS),20-39,153952,152955,306907
Organization of American States (OAS),40-59,118994,124707,243701
Organization of American States (OAS),60+,76673,92138,168811
Organization of Petroleum Exporting countries (OPEC),0-19,117276,112542,229818
Organization of Petroleum Exporting countries (OPEC),20-39,82809,77069,159878
Organization of Petroleum Exporting countries (OPEC),40-59,49191,44789,93980
Organization of Petroleum Exporting countries (OPEC),60+,16894,17553,34447
Organization of the Islamic Conference (OIC),0-19,416297,397912,814209
Organization of the Islamic Conference (OIC),20-39,304422,292207,596629
Organization of the Islamic Conference (OIC),40-59,179298,175298,354596
Organization of the Islamic Conference (OIC),60+,67768,74308,142076
Pakistan,0-19,51332,47554,98886
Pakistan,20-39,36302,34441,70743
Pakistan,40-59,18488,17879,36367
Pakistan,60+,7539,7336,14875
Panama,0-19,764,733,1497
Panama,20-39,651,641,1292
Panama,40-59,490,495,985
Panama,60+,244,276,520
Papua New Guinea,0-19,2099,1965,4064
Papua New Guinea,20-39,1420,1351,2771
Papua New Guinea,40-59,790,774,1564
Papua New Guinea,60+,249,278,527
Paraguay,0-19,1388,1328,2716
Paraguay,20-39,1239,1187,2426
Paraguay,40-59,646,625,1271
Paraguay,60+,341,359,700
Peru,0-19,5264,5311,10575
Peru,20-39,5250,5353,10603
Peru,40-59,3884,3772,7656
Peru,60+,1969,2147,4116
Philippines,0-19,22281,21099,43380
Philippines,20-39,17808,17274,35082
Philippines,40-59,10793,10881,21674
Philippines,60+,4136,5289,9425
Poland,0-19,3832,3658,7490
Poland,20-39,5374,5059,10433
Poland,40-59,5031,5063,10094
Poland,60+,4091,5718,9809
Polynesia,0-19,133,124,257
Polynesia,20-39,95,94,189
Polynesia,40-59,74,73,147
Polynesia,60+,34,35,69
Portugal,0-19,950,902,1852
Portugal,20-39,1121,1162,2283
Portugal,40-59,1460,1594,3054
Portugal,60+,1282,1703,2985
Puerto Rico,0-19,329,302,631
Puerto Rico,20-39,315,302,617
Puerto Rico,40-59,373,436,809
Puerto Rico,60+,328,454,782
Qatar,0-19,258,236,494
Qatar,20-39,1259,302,1561
Qatar,40-59,564,149,713
Qatar,60+,76,20,96
Republic of Korea,0-19,4595,4308,8903
Republic of Korea,20-39,7260,6532,13792
Republic of Korea,40-59,8451,8241,16692
Republic of Korea,60+,5346,6513,11859
Republic of Moldova,0-19,432,407,839
Republic of Moldova,20-39,682,659,1341
Republic of Moldova,40-59,513,566,1079
Republic of Moldova,60+,295,460,755
Romania,0-19,2044,1933,3977
Romania,20-39,2426,2242,4668
Romania,40-59,2801,2791,5592
Romania,60+,2073,2906,4979
Russian Federation,0-19,17370,16504,33874
Russian Federation,20-39,20159,19913,40072
Russian Federation,40-59,18389,20878,39267
Russian Federation,60+,11709,20988,32697
Rwanda,0-19,3237,3226,6463
Rwanda,20-39,1962,2057,4019
Rwanda,40-59,871,923,1794
Rwanda,60+,288,368,656
Réunion,0-19,136,131,267
Réunion,20-39,102,111,213
Réunion,40-59,113,125,238
Réunion,60+,71,84,155
"SIDS Atlantic, and Indian Ocean, Mediterranean and South China Sea (AIMS)",0-19,2520,2420,4940
"SIDS Atlantic, and Indian Ocean, Mediterranean and South China Sea (AIMS)",20-39,2956,2353,5309
"SIDS Atlantic, and Indian Ocean, Mediterranean and South China Sea (AIMS)",40-59,2071,1829,3900
"SIDS Atlantic, and Indian Ocean, Mediterranean and South China Sea (AIMS)",60+,1000,1057,2057
SIDS Caribbean,0-19,7073,6794,13867
SIDS Caribbean,20-39,6444,6406,12850
SIDS Caribbean,40-59,4998,5310,10308
SIDS Caribbean,60+,2956,3506,6462
SIDS Pacific,0-19,2810,2634,5444
SIDS Pacific,20-39,1926,1845,3771
SIDS Pacific,40-59,1141,1120,2261
SIDS Pacific,60+,401,443,844
Saint Lucia,0-19,21,21,42
Saint Lucia,20-39,28,29,57
Saint Lucia,40-59,23,23,46
Saint Lucia,60+,10,11,21
Saint Vincent and the Grenadines,0-19,15,15,30
Saint Vincent and the Grenadines,20-39,15,14,29
Saint Vincent and the Grenadines,40-59,12,12,24
Saint Vincent and the Grenadines,60+,4,4,8
Samoa,0-19,47,42,89
Samoa,20-39,26,22,48
Samoa,40-59,17,15,32
Samoa,60+,4,6,10
Sao Tome and Principe,0-19,57,56,113
Sao Tome and Principe,20-39,29,28,57
Sao Tome and Principe,40-59,13,13,26
Sao Tome and Principe,60+,3,3,6
Saudi Arabia,0-19,5488,5323,10811
Saudi Arabia,20-39,7120,5211,12331
Saudi Arabia,40-59,6336,3284,9620
Saudi Arabia,60+,1176,855,2031
Senegal,0-19,4501,4390,8891
Senegal,20-39,2367,2504,4871
Senegal,40-59,958,1205,2163
Senegal,60+,336,463,799
Serbia,0-19,956,895,1851
Serbia,20-39,1186,1127,2313
Serbia,40-59,1157,1191,2348
Serbia,60+,969,1236,2205
Seychelles,0-19,14,12,26
Seychelles,20-39,13,12,25
Seychelles,40-59,12,12,24
Seychelles,60+,3,3,6
Shanghai Cooperation Organization (SCO),0-19,518235,464622,982857
Shanghai Cooperation Organization (SCO),20-39,523022,479540,1002562
Shanghai Cooperation Organization (SCO),40-59,419214,406692,825906
Shanghai Cooperation Organization (SCO),60+,210021,233093,443114
Sierra Leone,0-19,2048,2039,4087
Sierra Leone,20-39,1223,1195,2418
Sierra Leone,40-59,542,547,1089
Sierra Leone,60+,159,204,363
Singapore,0-19,506,476,982
Singapore,20-39,924,803,1727
Singapore,40-59,1011,894,1905
Singapore,60+,612,606,1218
Slovakia,0-19,567,541,1108
Slovakia,20-39,768,731,1499
Slovakia,40-59,786,780,1566
Slovakia,60+,528,738,1266
Slovenia,0-19,208,195,403
Slovenia,20-39,251,234,485
Slovenia,40-59,311,291,602
Slovenia,60+,255,313,568
Small Island Developing States (SIDS),0-19,12407,11853,24260
Small Island Developing States (SIDS),20-39,11330,10608,21938
Small Island Developing States (SIDS),40-59,8215,8264,16479
Small Island Developing States (SIDS),60+,4364,5015,9379
Solomon Islands,0-19,176,166,342
Solomon Islands,20-39,96,94,190
Solomon Islands,40-59,52,53,105
Solomon Islands,60+,16,16,32
Somalia,0-19,4602,4546,9148
Somalia,20-39,2102,2123,4225
Somalia,40-59,864,921,1785
Somalia,60+,348,368,716
South Africa,0-19,11107,10883,21990
South Africa,20-39,10217,10076,20293
South Africa,40-59,5795,6156,11951
South Africa,60+,2087,2968,5055
South America,0-19,66951,64507,131458
South America,20-39,68458,68135,136593
South America,40-59,50290,53202,103492
South America,60+,26372,32823,59195
South Asian Association for Regional Cooperation (SAARC),0-19,358049,327170,685219
South Asian Association for Regional Cooperation (SAARC),20-39,317255,292842,610097
South Asian Association for Regional Cooperation (SAARC),40-59,196783,188874,385657
South Asian Association for Regional Cooperation (SAARC),60+,86279,89100,175379
South Sudan,0-19,2946,2877,5823
South Sudan,20-39,1650,1644,3294
South Sudan,40-59,734,755,1489
South Sudan,60+,264,305,569
South-Eastern Asia,0-19,114679,108586,223265
South-Eastern Asia,20-39,105960,103704,209664
South-Eastern Asia,40-59,79746,81473,161219
South-Eastern Asia,60+,33537,40914,74451
Southern Africa,0-19,12948,12707,25655
Southern Africa,20-39,11551,11436,22987
Southern Africa,40-59,6412,6842,13254
Southern Africa,60+,2294,3295,5589
Southern African Development Community (SADC),0-19,94689,93354,188043
Southern African Development Community (SADC),20-39,52652,53481,106133
Southern African Development Community (SADC),40-59,24379,25995,50374
Southern African Development Community (SADC),60+,8055,10603,18658
Southern Asia,0-19,371545,339989,711534
Southern Asia,20-39,331772,307409,639181
Southern Asia,40-59,206809,198799,405608
Southern Asia,60+,90650,93376,184026
Southern Common Market (MERCOSUR),0-19,47658,45746,93404
Southern Common Market (MERCOSUR),20-39,48739,48518,97257
Southern Common Market (MERCOSUR),40-59,36296,38559,74855
Southern Common Market (MERCOSUR),60+,18926,24007,42933
Southern Europe,0-19,14753,13869,28622
Southern Europe,20-39,17687,17092,34779
Southern Europe,40-59,23036,23332,46368
Southern Europe,60+,18884,23543,42427
Spain,0-19,4621,4345,8966
Spain,20-39,5310,5205,10515
Spain,40-59,7550,7431,14981
Spain,60+,5485,6785,12270
Sri Lanka,0-19,3394,3339,6733
Sri Lanka,20-39,2720,2997,5717
Sri Lanka,40-59,2617,2814,5431
Sri Lanka,60+,1526,1985,3511
State of Palestine,0-19,1261,1209,2470
State of Palestine,20-39,827,799,1626
State of Palestine,40-59,373,368,741
State of Palestine,60+,117,129,246
Sub-Saharan Africa,0-19,292264,285562,577826
Sub-Saharan Africa,20-39,159140,159461,318601
Sub-Saharan Africa,40-59,71271,74481,145752
Sub-Saharan Africa,60+,23471,28696,52167
Sudan,0-19,11273,10975,22248
Sudan,20-39,6413,6412,12825
Sudan,40-59,3046,3230,6276
Sudan,60+,1164,1313,2477
Suriname,0-19,106,98,204
Suriname,20-39,89,86,175
Suriname,40-59,66,67,133
Suriname,60+,23,32,55
Sweden,0-19,1190,1128,2318
Sweden,20-39,1326,1266,2592
Sweden,40-59,1297,1259,2556
Sweden,60+,1236,1375,2611
Switzerland,0-19,878,837,1715
Switzerland,20-39,1140,1115,2255
Switzerland,40-59,1251,1232,2483
Switzerland,60+,1014,1165,2179
Syrian Arab Republic,0-19,3548,3409,6957
Syrian Arab Republic,20-39,3041,2964,6005
Syrian Arab Republic,40-59,1557,1653,3210
Syrian Arab Republic,60+,606,704,1310
Tajikistan,0-19,2240,2122,4362
Tajikistan,20-39,1530,1505,3035
Tajikistan,40-59,772,807,1579
Tajikistan,60+,255,287,542
Thailand,0-19,8187,7741,15928
Thailand,20-39,9468,9387,18855
Thailand,40-59,10323,11269,21592
Thailand,60+,5977,7427,13404
Timor-Leste,0-19,323,312,635
Timor-Leste,20-39,203,197,400
Timor-Leste,40-59,94,91,185
Timor-Leste,60+,38,44,82
Togo,0-19,2132,2119,4251
Togo,20-39,1219,1217,2436
Togo,40-59,582,610,1192
Togo,60+,176,205,381
Tonga,0-19,23,21,44
Tonga,20-39,12,13,25
Tonga,40-59,7,7,14
Tonga,60+,2,2,4
Trinidad and Tobago,0-19,185,181,366
Trinidad and Tobago,20-39,211,211,422
Trinidad and Tobago,40-59,178,184,362
Trinidad and Tobago,60+,104,123,227
Tunisia,0-19,1886,1769,3655
Tunisia,20-39,1816,1820,3636
Tunisia,40-59,1418,1511,2929
Tunisia,60+,732,850,1582
Turkey,0-19,13808,13202,27010
Turkey,20-39,13099,12846,25945
Turkey,40-59,9942,10408,20350
Turkey,60+,4774,6236,11010
Turkmenistan,0-19,1184,1153,2337
Turkmenistan,20-39,984,982,1966
Turkmenistan,40-59,591,640,1231
Turkmenistan,60+,204,279,483
UN-ECE: member countries,0-19,159579,151603,311182
UN-ECE: member countries,20-39,176714,171863,348577
UN-ECE: member countries,40-59,168805,174360,343165
UN-ECE: member countries,60+,130019,168708,298727
UNFPA Regions,0-19,1188142,1110570,2298712
UNFPA Regions,20-39,1016824,970549,1987373
UNFPA Regions,40-59,719176,717175,1436351
UNFPA Regions,60+,334762,378752,713514
UNFPA: Arab States (AS),0-19,82909,79253,162162
UNFPA: Arab States (AS),20-39,60314,58111,118425
UNFPA: Arab States (AS),40-59,33588,34022,67610
UNFPA: Arab States (AS),60+,13734,15350,29084
UNFPA: Asia and the Pacific (AP),0-19,672758,611617,1284375
UNFPA: Asia and the Pacific (AP),20-39,658504,614610,1273114
UNFPA: Asia and the Pacific (AP),40-59,513287,499931,1013218
UNFPA: Asia and the Pacific (AP),60+,245201,266651,511852
UNFPA: East and Southern Africa (ESA),0-19,161638,159031,320669
UNFPA: East and Southern Africa (ESA),20-39,90977,92321,183298
UNFPA: East and Southern Africa (ESA),40-59,40194,42573,82767
UNFPA: East and Southern Africa (ESA),60+,13344,17090,30434
UNFPA: Eastern Europe and Central Asia (EECA),0-19,38794,36693,75487
UNFPA: Eastern Europe and Central Asia (EECA),20-39,38545,37660,76205
UNFPA: Eastern Europe and Central Asia (EECA),40-59,29198,31501,60699
UNFPA: Eastern Europe and Central Asia (EECA),60+,15247,22304,37551
UNFPA: Latin America and the Caribbean (LAC),0-19,106433,102378,208811
UNFPA: Latin America and the Caribbean (LAC),20-39,102753,103150,205903
UNFPA: Latin America and the Caribbean (LAC),40-59,72945,78413,151358
UNFPA: Latin America and the Caribbean (LAC),60+,37565,46246,83811
UNFPA: West and Central Africa (WCA),0-19,125598,121586,247184
UNFPA: West and Central Africa (WCA),20-39,65720,64687,130407
UNFPA: West and Central Africa (WCA),40-59,29953,30725,60678
UNFPA: West and Central Africa (WCA),60+,9646,11088,20734
UNICEF PROGRAMME REGIONS,0-19,1198614,1120539,2319153
UNICEF PROGRAMME REGIONS,20-39,1034044,981584,2015628
UNICEF PROGRAMME REGIONS,40-59,733326,726009,1459335
UNICEF PROGRAMME REGIONS,60+,339755,384443,724198
UNICEF Programme Regions: East Asia and Pacific (EAPRO),0-19,301211,271626,572837
UNICEF Programme Regions: East Asia and Pacific (EAPRO),20-39,326731,307198,633929
UNICEF Programme Regions: East Asia and Pacific (EAPRO),40-59,306475,301130,607605
UNICEF Programme Regions: East Asia and Pacific (EAPRO),60+,154546,173270,327816
UNICEF Programme Regions: Eastern Caribbean,0-19,321,311,632
UNICEF Programme Regions: Eastern Caribbean,20-39,364,362,726
UNICEF Programme Regions: Eastern Caribbean,40-59,308,321,629
UNICEF Programme Regions: Eastern Caribbean,60+,186,217,403
UNICEF Programme Regions: Eastern and Southern Africa (ESARO),0-19,140639,138389,279028
UNICEF Programme Regions: Eastern and Southern Africa (ESARO),20-39,80952,82271,163223
UNICEF Programme Regions: Eastern and Southern Africa (ESARO),40-59,35497,37750,73247
UNICEF Programme Regions: Eastern and Southern Africa (ESARO),60+,11653,15080,26733
UNICEF Programme Regions: Europe and Central Asia (CEECIS),0-19,42015,39734,81749
UNICEF Programme Regions: Europe and Central Asia (CEECIS),20-39,42430,41280,83710
UNICEF Programme Regions: Europe and Central Asia (CEECIS),40-59,33663,35941,69604
UNICEF Programme Regions: Europe and Central Asia (CEECIS),60+,18694,27107,45801
UNICEF Programme Regions: Latin America,0-19,105998,101956,207954
UNICEF Programme Regions: Latin America,20-39,102276,102670,204946
UNICEF Programme Regions: Latin America,40-59,72526,77965,150491
UNICEF Programme Regions: Latin America,60+,37314,45943,83257
UNICEF Programme Regions: Latin America and Caribbean (LACRO),0-19,106321,102268,208589
UNICEF Programme Regions: Latin America and Caribbean (LACRO),20-39,102640,103033,205673
UNICEF Programme Regions: Latin America and Caribbean (LACRO),40-59,72837,78289,151126
UNICEF Programme Regions: Latin America and Caribbean (LACRO),60+,37502,46162,83664
UNICEF Programme Regions: Middle East and North Africa (MENARO),0-19,99324,94711,194035
UNICEF Programme Regions: Middle East and North Africa (MENARO),20-39,86363,78271,164634
UNICEF Programme Regions: Middle East and North Africa (MENARO),40-59,52721,47722,100443
UNICEF Programme Regions: Middle East and North Africa (MENARO),60+,19469,20357,39826
UNICEF Programme Regions: South Asia (ROSA),0-19,358049,327170,685219
UNICEF Programme Regions: South Asia (ROSA),20-39,317255,292842,610097
UNICEF Programme Regions: South Asia (ROSA),40-59,196783,188874,385657
UNICEF Programme Regions: South Asia (ROSA),60+,86279,89100,175379
UNICEF Programme Regions: West and Central Africa (WCARO),0-19,151046,146627,297673
UNICEF Programme Regions: West and Central Africa (WCARO),20-39,77662,76677,154339
UNICEF Programme Regions: West and Central Africa (WCARO),40-59,35339,36292,71631
UNICEF Programme Regions: West and Central Africa (WCARO),60+,11582,13341,24923
UNICEF REGIONS,0-19,1340498,1255342,2595840
UNICEF REGIONS,20-39,1200028,1142396,2342424
UNICEF REGIONS,40-59,905445,901327,1806772
UNICEF REGIONS,60+,483990,565748,1049738
UNICEF Regions: East Asia and Pacific,0-19,324369,293456,617825
UNICEF Regions: East Asia and Pacific,20-39,357357,336355,693712
UNICEF Regions: East Asia and Pacific,40-59,342358,336823,679181
UNICEF Regions: East Asia and Pacific,60+,186674,211972,398646
UNICEF Regions: Eastern Europe and Central Asia,0-19,59387,56242,115629
UNICEF Regions: Eastern Europe and Central Asia,20-39,62591,61195,123786
UNICEF Regions: Eastern Europe and Central Asia,40-59,52056,56821,108877
UNICEF Regions: Eastern Europe and Central Asia,60+,30408,48100,78508
UNICEF Regions: Eastern and Southern Africa,0-19,152491,149911,302402
UNICEF Regions: Eastern and Southern Africa,20-39,87890,89196,177086
UNICEF Regions: Eastern and Southern Africa,40-59,38978,41417,80395
UNICEF Regions: Eastern and Southern Africa,60+,13050,16669,29719
UNICEF Regions: Europe and Central Asia,0-19,112062,106123,218185
UNICEF Regions: Europe and Central Asia,20-39,124315,120889,245204
UNICEF Regions: Europe and Central Asia,40-59,121828,127101,248929
UNICEF Regions: Europe and Central Asia,60+,90256,122018,212274
UNICEF Regions: Latin America and Caribbean,0-19,106941,102854,209795
UNICEF Regions: Latin America and Caribbean,20-39,103197,103596,206793
UNICEF Regions: Latin America and Caribbean,40-59,73462,79022,152484
UNICEF Regions: Latin America and Caribbean,60+,38016,46855,84871
UNICEF Regions: Middle East and North Africa,0-19,89535,85157,174692
UNICEF Regions: Middle East and North Africa,20-39,81057,72941,153998
UNICEF Regions: Middle East and North Africa,40-59,50546,45388,95934
UNICEF Regions: Middle East and North Africa,60+,18932,19795,38727
UNICEF Regions: North America,0-19,45990,44031,90021
UNICEF Regions: North America,20-39,51278,49888,101166
UNICEF Regions: North America,40-59,46136,46392,92528
UNICEF Regions: North America,60+,39166,45968,85134
UNICEF Regions: South Asia,0-19,358049,327170,685219
UNICEF Regions: South Asia,20-39,317255,292842,610097
UNICEF Regions: South Asia,40-59,196783,188874,385657
UNICEF Regions: South Asia,60+,86279,89100,175379
UNICEF Regions: Sub-Saharan Africa,0-19,303538,296540,600078
UNICEF Regions: Sub-Saharan Africa,20-39,165556,165875,331431
UNICEF Regions: Sub-Saharan Africa,40-59,74320,77712,152032
UNICEF Regions: Sub-Saharan Africa,60+,24638,30015,54653
UNICEF Regions: West and Central Africa,0-19,151046,146627,297673
UNICEF Regions: West and Central Africa,20-39,77662,76677,154339
UNICEF Regions: West and Central Africa,40-59,35339,36293,71632
UNICEF Regions: West and Central Africa,60+,11584,13342,24926
UNICEF Regions: Western Europe,0-19,52673,49880,102553
UNICEF Regions: Western Europe,20-39,61722,59692,121414
UNICEF Regions: Western Europe,40-59,69769,70279,140048
UNICEF Regions: Western Europe,60+,59844,73914,133758
UNITED NATIONS Regional Groups of Member States,0-19,1339127,1254027,2593154
UNITED NATIONS Regional Groups of Member States,20-39,1199088,1141494,2340582
UNITED NATIONS Regional Groups of Member States,40-59,904997,900895,1805892
UNITED NATIONS Regional Groups of Member States,60+,483852,565597,1049449
Uganda,0-19,13254,13047,26301
Uganda,20-39,6278,6692,12970
Uganda,40-59,2393,2590,4983
Uganda,60+,614,855,1469
Ukraine,0-19,4619,4351,8970
Ukraine,20-39,6160,5942,12102
Ukraine,40-59,5778,6531,12309
Ukraine,60+,3694,6635,10329
United Arab Emirates,0-19,946,905,1851
United Arab Emirates,20-39,3856,1458,5314
United Arab Emirates,40-59,1801,601,2402
United Arab Emirates,60+,223,81,304
United Kingdom,0-19,8019,7664,15683
United Kingdom,20-39,8987,8862,17849
United Kingdom,40-59,8789,8985,17774
United Kingdom,60+,7737,8820,16557
United Kingdom (and dependencies),0-19,8077,7719,15796
United Kingdom (and dependencies),20-39,9053,8929,17982
United Kingdom (and dependencies),40-59,8864,9062,17926
United Kingdom (and dependencies),60+,7793,8885,16678
United Nations Economic Commission for Africa (UN-ECA),0-19,343795,334677,678472
United Nations Economic Commission for Africa (UN-ECA),20-39,197193,196889,394082
United Nations Economic Commission for Africa (UN-ECA),40-59,94334,98248,192582
United Nations Economic Commission for Africa (UN-ECA),60+,33661,40007,73668
United Nations Economic Commission for Latin America and the Caribbean (UN-ECLAC),0-19,106941,102853,209794
United Nations Economic Commission for Latin America and the Caribbean (UN-ECLAC),20-39,103197,103594,206791
United Nations Economic Commission for Latin America and the Caribbean (UN-ECLAC),40-59,73461,79022,152483
United Nations Economic Commission for Latin America and the Caribbean (UN-ECLAC),60+,38015,46854,84869
United Nations Economic and Social Commission for Asia and the Pacific (UN-ESCAP) Regions,0-19,741870,677077,1418947
United Nations Economic and Social Commission for Asia and the Pacific (UN-ESCAP) Regions,20-39,733853,687947,1421800
United Nations Economic and Social Commission for Asia and the Pacific (UN-ESCAP) Regions,40-59,583291,573409,1156700
United Nations Economic and Social Commission for Asia and the Pacific (UN-ESCAP) Regions,60+,295141,335024,630165
United Nations Member States,0-19,1339127,1254027,2593154
United Nations Member States,20-39,1199088,1141494,2340582
United Nations Member States,40-59,904997,900895,1805892
United Nations Member States,60+,483852,565597,1049449
United Republic of Tanzania,0-19,16396,16052,32448
United Republic of Tanzania,20-39,8504,8501,17005
United Republic of Tanzania,40-59,3831,3912,7743
United Republic of Tanzania,60+,1110,1409,2519
United States Virgin Islands,0-19,12,11,23
United States Virgin Islands,20-39,10,10,20
United States Virgin Islands,40-59,10,12,22
United States Virgin Islands,60+,9,12,21
United States of America,0-19,41912,40138,82050
United States of America,20-39,46026,44731,90757
United States of America,40-59,41108,41358,82466
United States of America,60+,34730,40979,75709
United States of America (and dependencies),0-19,42304,40501,82805
United States of America (and dependencies),20-39,46393,45085,91478
United States of America (and dependencies),40-59,41531,41844,83375
United States of America (and dependencies),60+,35095,41473,76568
Upper-middle-income countries,0-19,372758,341230,713988
Upper-middle-income countries,20-39,405251,386345,791596
Upper-middle-income countries,40-59,364378,366143,730521
Upper-middle-income countries,60+,192549,226142,418691
Uruguay,0-19,484,463,947
Uruguay,20-39,489,478,967
Uruguay,40-59,410,431,841
Uruguay,60+,285,411,696
Uzbekistan,0-19,6245,5925,12170
Uzbekistan,20-39,5822,5698,11520
Uzbekistan,40-59,3379,3616,6995
Uzbekistan,60+,1239,1524,2763
Vanuatu,0-19,75,69,144
Vanuatu,20-39,42,46,88
Vanuatu,40-59,23,23,46
Vanuatu,60+,6,6,12
Venezuela (Bolivarian Republic of),0-19,5230,5019,10249
Venezuela (Bolivarian Republic of),20-39,4017,4137,8154
Venezuela (Bolivarian Republic of),40-59,3174,3402,6576
Venezuela (Bolivarian Republic of),60+,1552,1883,3435
Viet Nam,0-19,15266,13808,29074
Viet Nam,20-39,16056,15531,31587
Viet Nam,40-59,12228,12451,24679
Viet Nam,60+,5037,6943,11980
WB region: East Asia and Pacific (excluding high income),0-19,301217,271633,572850
WB region: East Asia and Pacific (excluding high income),20-39,326733,307201,633934
WB region: East Asia and Pacific (excluding high income),40-59,306476,301130,607606
WB region: East Asia and Pacific (excluding high income),60+,154546,173270,327816
WB region: Europe and Central Asia (excluding high income),0-19,58979,55856,114835
WB region: Europe and Central Asia (excluding high income),20-39,62075,60699,122774
WB region: Europe and Central Asia (excluding high income),40-59,51491,56248,107739
WB region: Europe and Central Asia (excluding high income),60+,29920,47426,77346
WB region: Latin America and Caribbean (excluding high income),0-19,94886,91243,186129
WB region: Latin America and Caribbean (excluding high income),20-39,91450,92002,183452
WB region: Latin America and Caribbean (excluding high income),40-59,64347,69345,133692
WB region: Latin America and Caribbean (excluding high income),60+,32358,39396,71754
WB region: Middle East and North Africa (excluding high income),0-19,79842,75865,155707
WB region: Middle East and North Africa (excluding high income),20-39,64450,63474,127924
WB region: Middle East and North Africa (excluding high income),40-59,38993,39499,78492
WB region: Middle East and North Africa (excluding high income),60+,16465,17836,34301
WB region: South Asia (excluding high income),0-19,358049,327170,685219
WB region: South Asia (excluding high income),20-39,317255,292842,610097
WB region: South Asia (excluding high income),40-59,196783,188874,385657
WB region: South Asia (excluding high income),60+,86279,89100,175379
WB region: Sub-Saharan Africa (excluding high income),0-19,303117,296147,599264
WB region: Sub-Saharan Africa (excluding high income),20-39,165219,165548,330767
WB region: Sub-Saharan Africa (excluding high income),40-59,74062,77454,151516
WB region: Sub-Saharan Africa (excluding high income),60+,24512,29872,54384
WHO Regions,0-19,1335253,1250435,2585688
WHO Regions,20-39,1193860,1136150,2330010
WHO Regions,40-59,899330,894646,1793976
WHO Regions,60+,479607,560710,1040317
WHO: African region (AFRO),0-19,295626,288669,584295
WHO: African region (AFRO),20-39,163718,163868,327586
WHO: African region (AFRO),40-59,74785,77941,152726
WHO: African region (AFRO),60+,25156,30376,55532
WHO: Americas (AMRO),0-19,152345,146334,298679
WHO: Americas (AMRO),20-39,153952,152955,306907
WHO: Americas (AMRO),40-59,118994,124707,243701
WHO: Americas (AMRO),60+,76673,92138,168811
WHO: Eastern Mediterranean Region (EMRO),0-19,156336,147769,304105
WHO: Eastern Mediterranean Region (EMRO),20-39,122933,112767,235700
WHO: Eastern Mediterranean Region (EMRO),40-59,69567,63846,133413
WHO: Eastern Mediterranean Region (EMRO),60+,25872,26609,52481
WHO: European Region (EURO),0-19,113599,107579,221178
WHO: European Region (EURO),20-39,125445,121985,247430
WHO: European Region (EURO),40-59,122679,127977,250656
WHO: European Region (EURO),60+,90858,122746,213604
WHO: South-East Asia region (SEARO),0-19,365935,336245,702180
WHO: South-East Asia region (SEARO),20-39,339766,316822,656588
WHO: South-East Asia region (SEARO),40-59,229459,223942,453401
WHO: South-East Asia region (SEARO),60+,100735,108460,209195
WHO: Western Pacific region (WPRO),0-19,251401,223827,475228
WHO: Western Pacific region (WPRO),20-39,288036,267745,555781
WHO: Western Pacific region (WPRO),40-59,283838,276223,560061
WHO: Western Pacific region (WPRO),60+,160287,180355,340642
West African Economic and Monetary Union (UEMOA),0-19,36678,35744,72422
West African Economic and Monetary Union (UEMOA),20-39,18186,18330,36516
West African Economic and Monetary Union (UEMOA),40-59,7840,8329,16169
West African Economic and Monetary Union (UEMOA),60+,2652,3072,5724
Western Africa,0-19,110074,106270,216344
Western Africa,20-39,57284,56413,113697
Western Africa,40-59,26370,27130,53500
Western Africa,60+,8540,9759,18299
Western Asia,0-19,51986,49501,101487
Western Asia,20-39,50629,42809,93438
Western Asia,40-59,32431,27568,59999
Western Asia,60+,11400,13291,24691
Western Europe,0-19,21165,19993,41158
Western Europe,20-39,24162,23370,47532
Western Europe,40-59,26828,26933,53761
Western Europe,60+,24207,29469,53676
Western European and Others Group (WEOG),0-19,111448,106127,217575
Western European and Others Group (WEOG),20-39,122393,119169,241562
Western European and Others Group (WEOG),40-59,121298,122734,244032
Western European and Others Group (WEOG),60+,100384,120147,220531
Western Sahara,0-19,105,102,207
Western Sahara,20-39,110,99,209
Western Sahara,40-59,70,60,130
Western Sahara,60+,17,14,31
World,0-19,1340498,1255342,2595840
World,20-39,1200028,1142396,2342424
World,40-59,905445,901327,1806772
World,60+,483990,565748,1049738
World Bank Regional Groups (developing only),0-19,1196098,1117923,2314021
World Bank Regional Groups (developing only),20-39,1027192,981777,2008969
World Bank Regional Groups (developing only),40-59,732163,732560,1464723
World Bank Regional Groups (developing only),60+,344103,396923,741026
Yemen,0-19,7532,7248,14780
Yemen,20-39,4982,4888,9870
Yemen,40-59,1865,1917,3782
Yemen,60+,636,739,1375
Zambia,0-19,5143,5066,10209
Zambia,20-39,2634,2727,5361
Zambia,40-59,1058,1112,2170
Zambia,60+,258,365,623
Zimbabwe,0-19,3941,3923,7864
Zimbabwe,20-39,1993,2354,4347
Zimbabwe,40-59,892,1060,1952
Zimbabwe,60+,257,424,681
